.db 1,0,0,0
.db 2,0,0,0
.db 3,0,0,0
.db 4,0,0,0
.db 5,0,0,0
.db 6,0,0,1
.db 7,0,0,1
.db 8,0,0,2
.db 9,0,0,3
.db 10,0,0,3
.db 11,0,0,4
.db 12,0,0,5
.db 13,0,0,5
.db 14,0,0,6
.db 15,0,0,7
.db 16,0,0,7
.db 17,0,0,8
.db 18,0,0,9
.db 19,0,0,9
.db 20,0,1,0
.db 21,0,1,1
.db 22,0,1,1
.db 23,0,1,2
.db 24,0,1,2
.db 25,0,1,3
.db 26,0,1,4
.db 27,0,1,4
.db 28,0,1,5
.db 29,0,1,6
.db 30,0,1,6
.db 31,0,1,7
.db 32,0,1,8
.db 33,0,1,8
.db 34,0,1,9
.db 35,0,2,0
.db 36,0,2,0
.db 37,0,2,1
.db 38,0,2,2
.db 39,0,2,2
.db 40,0,2,3
.db 41,0,2,4
.db 42,0,2,4
.db 43,0,2,5
.db 44,0,2,6
.db 45,0,2,6
.db 46,0,2,7
.db 47,0,2,8
.db 48,0,2,8
.db 49,0,2,9
.db 50,0,3,0
.db 51,0,3,0
.db 52,0,3,1
.db 53,0,3,2
.db 54,0,3,2
.db 55,0,3,3
.db 56,0,3,4
.db 57,0,3,4
.db 58,0,3,5
.db 59,0,3,5
.db 60,0,3,6
.db 61,0,3,7
.db 62,0,3,7
.db 63,0,3,8
.db 64,0,3,9
.db 65,0,3,9
.db 66,0,4,0
.db 67,0,4,1
.db 68,0,4,1
.db 69,0,4,2
.db 70,0,4,3
.db 71,0,4,3
.db 72,0,4,4
.db 73,0,4,5
.db 74,0,4,5
.db 75,0,4,6
.db 76,0,4,7
.db 77,0,4,7
.db 78,0,4,8
.db 79,0,4,9
.db 80,0,4,9
.db 81,0,5,0
.db 82,0,5,1
.db 83,0,5,1
.db 84,0,5,2
.db 85,0,5,3
.db 86,0,5,3
.db 87,0,5,4
.db 88,0,5,5
.db 89,0,5,5
.db 90,0,5,6
.db 91,0,5,7
.db 92,0,5,7
.db 93,0,5,8
.db 94,0,5,9
.db 95,0,5,9
.db 96,0,6,0
.db 97,0,6,0
.db 98,0,6,1
.db 99,0,6,2
.db 100,0,6,2
.db 101,0,6,3
.db 102,0,6,4
.db 103,0,6,4
.db 104,0,6,5
.db 105,0,6,6
.db 106,0,6,6
.db 107,0,6,7
.db 108,0,6,8
.db 109,0,6,8
.db 110,0,6,9
.db 111,0,7,0
.db 112,0,7,0
.db 113,0,7,1
.db 114,0,7,2
.db 115,0,7,2
.db 116,0,7,3
.db 117,0,7,4
.db 118,0,7,4
.db 119,0,7,5
.db 120,0,7,6
.db 121,0,7,6
.db 122,0,7,7
.db 123,0,7,8
.db 124,0,7,8
.db 125,0,7,9
.db 126,0,8,0
.db 127,0,8,0
.db 128,0,8,1
.db 129,0,8,2
.db 130,0,8,2
.db 131,0,8,3
.db 132,0,8,3
.db 133,0,8,4
.db 134,0,8,5
.db 135,0,8,5
.db 136,0,8,6
.db 137,0,8,7
.db 138,0,8,7
.db 139,0,8,8
.db 140,0,8,9
.db 141,0,8,9
.db 142,0,9,0
.db 143,0,9,1
.db 144,0,9,1
.db 145,0,9,2
.db 146,0,9,3
.db 147,0,9,3
.db 148,0,9,4
.db 149,0,9,5
.db 150,0,9,5
.db 151,0,9,6
.db 152,0,9,7
.db 153,0,9,7
.db 154,0,9,8
.db 155,0,9,9
.db 156,0,9,9
.db 157,1,0,0
.db 158,1,0,1
.db 159,1,0,1
.db 160,1,0,2
.db 161,1,0,3
.db 162,1,0,3
.db 163,1,0,4
.db 164,1,0,5
.db 165,1,0,5
.db 166,1,0,6
.db 167,1,0,6
.db 168,1,0,7
.db 169,1,0,8
.db 170,1,0,8
.db 171,1,0,9
.db 172,1,1,0
.db 173,1,1,0
.db 174,1,1,1
.db 175,1,1,2
.db 176,1,1,2
.db 177,1,1,3
.db 178,1,1,4
.db 179,1,1,4
.db 180,1,1,5
.db 181,1,1,6
.db 182,1,1,6
.db 183,1,1,7
.db 184,1,1,8
.db 185,1,1,8
.db 186,1,1,9
.db 187,1,2,0
.db 188,1,2,0
.db 189,1,2,1
.db 190,1,2,2
.db 191,1,2,2
.db 192,1,2,3
.db 193,1,2,4
.db 194,1,2,4
.db 195,1,2,5
.db 196,1,2,6
.db 197,1,2,6
.db 198,1,2,7
.db 199,1,2,8
.db 200,1,2,8
.db 201,1,2,9
.db 202,1,2,9
.db 203,1,3,0
.db 204,1,3,1
.db 205,1,3,1
.db 206,1,3,2
.db 207,1,3,3
.db 208,1,3,3
.db 209,1,3,4
.db 210,1,3,5
.db 211,1,3,5
.db 212,1,3,6
.db 213,1,3,7
.db 214,1,3,7
.db 215,1,3,8
.db 216,1,3,9
.db 217,1,3,9
.db 218,1,4,0
.db 219,1,4,1
.db 220,1,4,1
.db 221,1,4,2
.db 222,1,4,3
.db 223,1,4,3
.db 224,1,4,4
.db 225,1,4,5
.db 226,1,4,5
.db 227,1,4,6
.db 228,1,4,7
.db 229,1,4,7
.db 230,1,4,8
.db 231,1,4,9
.db 232,1,4,9
.db 233,1,5,0
.db 234,1,5,1
.db 235,1,5,1
.db 236,1,5,2
.db 237,1,5,2
.db 238,1,5,3
.db 239,1,5,4
.db 240,1,5,4
.db 241,1,5,5
.db 242,1,5,6
.db 243,1,5,6
.db 244,1,5,7
.db 245,1,5,8
.db 246,1,5,8
.db 247,1,5,9
.db 248,1,6,0
.db 249,1,6,0
.db 250,1,6,1
.db 251,1,6,2
.db 252,1,6,2
.db 253,1,6,3
.db 254,1,6,4
.db 255,1,6,4
.db 256,1,6,5